/*** アルゴリズム4.1 **
57 (0000000000172430), (22 (0000000000172450),80 (0000000000172470))
22 (0000000000172450), (14 (0000000000172490),34 (00000000001724B0))
80 (0000000000172470), (71 (00000000001724D0),87 (00000000001724F0))
14 (0000000000172490), ( 4 (0000000000172530),17 (0000000000172510))
71 (00000000001724D0), (59 (0000000000172550), 0 (0000000000000000))
正の整数を入力してください(-1=>print,0=>終了)
Trace: 57, 22, 14, 17,
20(0000000000172570) key=20を追加しました
正の整数を入力してください(-1=>print,0=>終了)
Trace: 57, 22, 34,
30(0000000000172590) key=30を追加しました
正の整数を入力してください(-1=>print,0=>終了)
Trace: 57, 22, 34,
40(00000000001725B0) key=40を追加しました
正の整数を入力してください(-1=>print,0=>終了)
Trace: 57, 22, 14, 4,
12(00000000001725D0) key=12を追加しました
正の整数を入力してください(-1=>print,0=>終了)(headの内容=0000000000172430)
57(0000000000172430) (22(0000000000172450)) (80(0000000000172470)) 
22(0000000000172450) (14(0000000000172490)) (34(00000000001724B0)) 
14(0000000000172490) ( 4(0000000000172530)) (17(0000000000172510)) 
 4(0000000000172530) (0(0000000000000000)) (12(00000000001725D0)) 
12(00000000001725D0) (0(0000000000000000)) (0(0000000000000000))
 17(0000000000172510) (0(0000000000000000)) (20(0000000000172570)) 
20(0000000000172570) (0(0000000000000000)) (0(0000000000000000))
 34(00000000001724B0) (30(0000000000172590)) (40(00000000001725B0)) 
30(0000000000172590) (0(0000000000000000)) (0(0000000000000000))
 40(00000000001725B0) (0(0000000000000000)) (0(0000000000000000))
 80(0000000000172470) (71(00000000001724D0)) (87(00000000001724F0)) 
71(00000000001724D0) (59(0000000000172550)) (0(0000000000000000))
 59(0000000000172550) (0(0000000000000000)) (0(0000000000000000))
 87(00000000001724F0) (0(0000000000000000)) (0(0000000000000000))
 正の整数を入力してください(-1=>print,0=>終了)
