/**(Binary search tree: Page63 Figure1) **
57 (0000000000762430), (22 (0000000000762450),80 (0000000000762470))
22 (0000000000762450), (14 (0000000000762490),34 (00000000007624B0))
80 (0000000000762470), (71 (00000000007624D0),87 (00000000007624F0))
14 (0000000000762490), ( 4 (0000000000762530),17 (0000000000762510))
71 (00000000007624D0), (59 (0000000000762550), 0 (0000000000000000))
**** printtree *** 
57(0000000000762430) (22(0000000000762450)) (80(0000000000762470)) 
22(0000000000762450) (14(0000000000762490)) (34(00000000007624B0)) 
14(0000000000762490) ( 4(0000000000762530)) (17(0000000000762510)) 
 4(0000000000762530) (0(0000000000000000)) (0(0000000000000000))
 17(0000000000762510) (0(0000000000000000)) (0(0000000000000000))
 34(00000000007624B0) (0(0000000000000000)) (0(0000000000000000))
 80(0000000000762470) (71(00000000007624D0)) (87(00000000007624F0)) 
71(00000000007624D0) (59(0000000000762550)) (0(0000000000000000))
 59(0000000000762550) (0(0000000000000000)) (0(0000000000000000))
 87(00000000007624F0) (0(0000000000000000)) (0(0000000000000000))
 */

