   1 2 3 4 5 6                        
 1 0 0 0 0 0 0                        
 2 0 0 1 0 0 0                        
 3 0 0 0 0 0 0                        
 4 0 0 0 0 0 0                        
 5 0 0 0 0 0 0                        
 6 0 0 0 0 0 0                        
Queenのポジションを入力してください:1 5              
sucess                                
   1 2 3 4 5 6                        
 1 0 0 0 0 1 0                        
 2 0 0 1 0 0 0                        
 3 0 0 0 0 0 0                        
 4 0 0 0 0 0 0                        
 5 0 0 0 0 0 0                        
 6 0 0 0 0 0 0                        
Queenのポジションを入力してください:1 6              
fail                                  
